1253,442
1253,443
1253,444
1253,445
1253,446
1253,447
1253,448
1253,449
1253,450
1253,451
1253,452
1253,453
1253,454
1253,455
1253,456
1253,457
1253,458
1253,459
1253,460
1253,461
1253,462
1253,463
1253,464
1253,465
1253,466
1253,467
1253,468
1253,469
1253,470
1253,471
1253,472
1253,473
1253,474
1253,475
1253,476
1253,477
1253,478
1253,479
1253,480
1253,481
1253,482
1253,483
1253,484
1253,485
1253,486
1253,487
1253,488
1253,489
1253,490
1253,491
1253,492
1253,493
1253,494
1253,495
1253,496
1253,497
1253,498
1253,499
1253,500
1253,501
1253,502
1253,503
1253,504
1253,505
1253,506
1253,507
1253,508
1253,509
1253,510
1253,511
1253,512
1253,513
1253,514
1253,515
1253,516
1253,517
1253,518
1253,519
1253,520
1253,521
1253,522
1253,523
1253,524
1253,525
1253,526
1253,527
1253,528
1253,529
1253,530
1253,531
1253,532
1253,533
1253,534
1253,535
1253,536
1253,537
1253,538
1253,539
1253,540
1253,541
1253,542
1253,543
1253,544
1253,545
1253,546
1253,547
1253,548
1253,549
1253,550
1253,551
1253,552
1253,553
1253,554
1253,555
1253,556
1253,557
1253,558
1253,559
1253,560
1253,561
1253,562
1253,563
1253,564
1253,565
1253,566
1253,567
1253,568
1253,569
1253,570
1253,571
1253,572
1253,573
1253,574
1253,575
1253,576
1253,577
1253,578
1253,579
1253,580
1253,581
1253,582
1253,583
1253,584
1253,585
1253,586
1253,587
1253,588
1253,589
1253,590
1253,591
1253,592
1253,593
1253,594
1253,595
1253,596
1253,597
1253,598
1253,599
1253,600
1253,601
1253,602
1253,603
1253,604
1253,605
1253,606
1253,607
1253,608
1253,609
1253,610
1253,611
1253,612
1253,613
1253,614
1253,615
1253,616
1253,617
1253,618
1253,619
1253,620
1253,621
1253,622
1253,623
1253,624
1253,625
1253,626
1253,627
1253,628
1253,629
1253,630
1253,631
1253,632
1253,633
1253,634
1253,635
1253,636
1253,637
1253,638
1253,639
1253,640
1253,641
1253,642
1253,643
1253,644
1253,645
1253,646
1253,647
1253,648
1253,649
1253,650
1253,651
1253,652
1253,653
1253,654
1253,655
1253,656
1253,657
1253,658
1253,659
1253,660
1253,661
1253,662
1253,663
1253,664
1253,665
1253,666
1253,667
1253,668
1253,669
1253,670
1253,671
1253,672
1253,673
1253,674
1253,675
1253,676
1253,677
1253,678
1253,679
1253,680
1253,681
1253,682
1253,683
1253,684
1253,685
1253,686
1253,687
1253,688
1253,689
1253,690
1253,691
1253,692
1253,693
1253,694
1253,695
1253,696
1253,697
1253,698
1253,699
1253,700
1253,701
1253,702
1253,703
1253,704
1253,705
1253,706
1253,707
1253,708
1253,709
1253,710
1253,711
1253,712
1253,713
1253,714
1253,715
1253,716
1253,717
1253,718
1253,719
1253,720
1253,721
1253,722
1253,723
1253,724
1253,725
1253,726
1253,727
1253,728
1253,729
1253,730
1253,731
1253,732
1253,733
1253,734
1253,735
1253,736
1253,737
1253,738
1253,739
1253,740
1253,741
1253,742
1253,743
1253,744
1253,745
1253,746
1253,747
1253,748
1253,749
1253,750
1253,751
1253,752
1253,753
1253,754
1253,755
1253,756
1253,757
1253,758
1253,759
1253,760
1253,761
1253,762
1253,763
1253,764
1253,765
1253,766
1253,767
1253,768
1253,769
1253,770
1253,771
1253,772
1253,773
1253,774
1253,775
1253,776
1253,777
1253,778
1253,779
1253,780
1253,781
1253,782
1253,783
1253,784
1253,785
1253,786
1253,787
1253,788
1253,789
1253,790
1253,791
1253,792
1253,793
1253,794
1253,795
1253,796
1253,797
1253,798
1253,799
1253,800
1253,801
1253,802
1253,803
1253,804
1253,805
1253,806
1253,807
1253,808
1253,809
1253,810
1253,811
1253,812
1253,813
1253,814
1253,815
1253,816
1253,817
1253,818
1253,819
1253,820
1253,821
1253,822
1253,823
1253,824
1253,825
1253,826
1253,827
1253,828
1253,829
1253,830
1253,831
1253,832
1253,833
1253,834
1253,835
1253,836
1253,837
1253,838
1253,839
1253,840
1253,841
1253,842
1253,843
1253,844
1253,845
1253,846
1253,847
1253,848
1253,849
1253,850
1253,851
1253,852
1253,853
1253,854
1253,855
1253,856
1253,857
1253,858
1253,859
1253,860
1253,861
1253,862
1253,863
1253,864
1253,865
1253,866
1253,867
1253,868
1253,869
1253,870
1253,871
1253,872
1253,873
1253,874
1253,875
1253,876
1253,877
1253,878
1253,879
1253,880
1253,881
1253,882
1253,883
1253,884
1253,885
1253,886
1253,887
1253,888
1253,889
1253,890
1253,891
1253,892
1253,893
1253,894
1253,895
1253,896
1253,897
1253,898
1253,899
1253,900
1253,901
1253,902
1253,903
1253,904
1253,905
1253,906
1253,907
1253,908
1253,909
1253,910
1253,911
1253,912
1253,913
1253,914
1253,915
1253,916
1253,917
1253,918
1253,919
1253,920
1253,921
1253,922
1253,923
1253,924
1253,925
1253,926
1253,927
1253,928
1253,929
1253,930
1253,931
1253,932
1253,933
1253,934
1253,935
1253,936
1253,937
1253,938
1253,939
1253,940
1253,941
1253,942
1253,943
1253,944
1253,945
1253,946
1253,947
1253,948
1253,949
1253,950
1253,951
1253,952
1253,953
1253,954
1253,955
1253,956
1253,957
1253,958
1253,959
1253,960
1253,961
1253,962
1253,963
1253,964
1253,965
1253,966
1253,967
1253,968
1253,969
1253,970
1253,971
1253,972
1253,973
1253,974
1253,975
1253,976
1253,977
1253,978
1253,979
1253,980
1253,981
1253,982
1253,983
1253,984
1253,985
1253,986
1253,987
1253,988
1253,989
1253,990
1253,991
1253,992
1253,993
1253,994
1253,995
1253,996
1253,997
1253,998
1253,999
1253,1000
1253,1001
1253,1002
1253,1003
1253,1004
1253,1005
1253,1006
1253,1007
1253,1008
1253,1009
1253,1010
1253,1011
1253,1012
1253,1013
1253,1014
1253,1015
1253,1016
1253,1017
1253,1018
1253,1019
1253,1020
1253,1021
1253,1022
1253,1023
1253,1024
1253,1025
1253,1026
1253,1027
1253,1028
1253,1029
1253,1030
1253,1031
1253,1032
1253,1033
1253,1034
1253,1035
1253,1036
1253,1037
1253,1038
1253,1039
1253,1040
1253,1041
1253,1042
1253,1043
1253,1044
1253,1045
1253,1046
1253,1047
1253,1048
1253,1049
1253,1050
1253,1051
1253,1052
1253,1053
1253,1054
1253,1055
1253,1056
1253,1057
1253,1058
1253,1059
1253,1060
1253,1061
1253,1062
1253,1063
1253,1064
1253,1065
1253,1066
1253,1067
1253,1068
1253,1069
1253,1070
1253,1071
1253,1072
1253,1073
1253,1074
1253,1075
1253,1076
1253,1077
1253,1078
1253,1079
1253,1080
1253,1081
1253,1082
1253,1083
1253,1084
1253,1085
1253,1086
1253,1087
1253,1088
1253,1089
1253,1090
1253,1091
1253,1092
1253,1093
1253,1094
1253,1095
1253,1096
1253,1097
1253,1098
1253,1099
1253,1100
1253,1101
1253,1102
1253,1103
1253,1104
1253,1105
1253,1106
1253,1107
1253,1108
1253,1109
1253,1110
1253,1111
1253,1112
1253,1113
1253,1114
1253,1115
1253,1116
1253,1117
1253,1118
1253,1119
1253,1120
1253,1121
1253,1122
1253,1123
1253,1124
1253,1125
1253,1126
1253,1127
1253,1128
1253,1129
1253,1130
1253,1131
1253,1132
1253,1133
1253,1134
1253,1135
1253,1136
1253,1137
1253,1138
1253,1139
1253,1140
1253,1141
1253,1142
1253,1143
1253,1144
1253,1145
1253,1146
1253,1147
1253,1148
1253,1149
1253,1150
1253,1151
1253,1152
1253,1153
1253,1154
1253,1155
1253,1156
1253,1157
1253,1158
1253,1159
1253,1160
1253,1161
1253,1162
1253,1163
1253,1164
1253,1165
1253,1166
1253,1167
1253,1168
1253,1169
1253,1170
1253,1171
1253,1172
1253,1173
1253,1174
1253,1175
1253,1176
1253,1177
1253,1178
1252,1178
1251,1177
1250,1177
1249,1177
1248,1176
1247,1176
1246,1176
1245,1176
1244,1176
1243,1175
1242,1175
1241,1174
1240,1174
1239,1174
1238,1174
1237,1174
1236,1174
1235,1174
1234,1175
1233,1175
1232,1176
1231,1176
1230,1177
1229,1178
1228,1179
1227,1179
1226,1178
1225,1178
1224,1177
1223,1177
1222,1176
1221,1176
1220,1176
1219,1176
1218,1176
1217,1176
1216,1176
1215,1177
1214,1177
1213,1177
1212,1177
1211,1178
1210,1178
1209,1178
1208,1177
1207,1177
1206,1176
1205,1176
1204,1176
1203,1176
1202,1176
1201,1176
1200,1176
1199,1176
1198,1177
1197,1177
1196,1177
1195,1177
1194,1177
1193,1177
1192,1177
1191,1177
1190,1177
1189,1177
1188,1177
1187,1177
1186,1177
1185,1177
1184,1177
1183,1177
1182,1177
1181,1177
1180,1177
1179,1177
1178,1177
1177,1177
1176,1178
1175,1178
1174,1178
1173,1178
1172,1177
1171,1177
1170,1176
1169,1175
1168,1175
1167,1174
1166,1174
1165,1173
1164,1173
1163,1173
1162,1173
1161,1173
1160,1173
1159,1173
1158,1174
1157,1173
1156,1173
1155,1172
1154,1172
1153,1171
1152,1171
1151,1171
1150,1171
1149,1171
1148,1171
1147,1172
1146,1172
1145,1171
1144,1171
1143,1170
1142,1170
1141,1170
1140,1170
1139,1170
1138,1171
1137,1171
1136,1172
1135,1172
1134,1172
1133,1172
1132,1172
1131,1172
1130,1171
1129,1170
1129,1169
1128,1168
1127,1167
1126,1166
1125,1166
1124,1165
1123,1165
1122,1164
1121,1164
1120,1164
1119,1164
1118,1164
1117,1165
1116,1165
1115,1166
1114,1166
1113,1167
1112,1168
1111,1169
1111,1170
1110,1171
1109,1171
1108,1171
1107,1171
1106,1171
1105,1171
1104,1170
1103,1170
1102,1170
1101,1169
1100,1169
1099,1168
1098,1168
1097,1168
1096,1168
1095,1168
1094,1168
1093,1168
1092,1168
1091,1168
1090,1168
1089,1168
1088,1168
1087,1168
1086,1168
1085,1169
1084,1169
1083,1169
1082,1168
1081,1167
1080,1167
1079,1166
1078,1166
1077,1165
1076,1165
1075,1165
1074,1165
1073,1165
1072,1165
1071,1166
1070,1166
1069,1167
1068,1167
1067,1168
1066,1168
1065,1168
1064,1167
1063,1167
1062,1166
1061,1166
1060,1166
1059,1166
1058,1166
1057,1167
1056,1167
1055,1166
1054,1166
1053,1165
1052,1165
1051,1165
1050,1165
1049,1165
1048,1165
1047,1165
1046,1165
1045,1166
1044,1166
1043,1166
1042,1166
1041,1166
1040,1165
1039,1164
1038,1163
1037,1162
1036,1162
1035,1161
1034,1161
1033,1160
1032,1160
1031,1160
1030,1160
1029,1160
1028,1160
1027,1160
1026,1160
1025,1160
1024,1160
1023,1160
1022,1160
1021,1160
1020,1160
1019,1160
1018,1160
1017,1160
1016,1160
1015,1160
1014,1160
1013,1160
1012,1160
1011,1160
1010,1159
1009,1158
1008,1158
1007,1157
1006,1157
1005,1156
1004,1155
1003,1154
1002,1153
1001,1152
1000,1151
999,1151
998,1150
997,1150
996,1149
995,1148
994,1148
993,1147
992,1147
991,1146
990,1146
989,1146
988,1145
987,1144
986,1143
985,1142
984,1141
983,1140
982,1139
981,1139
980,1138
979,1138
978,1137
977,1137
976,1137
975,1137
974,1137
973,1137
972,1138
971,1138
970,1138
969,1138
968,1138
968,1137
967,1136
967,1135
966,1134
966,1133
965,1132
964,1131
963,1130
962,1130
961,1129
960,1129
959,1128
958,1128
957,1128
956,1128
955,1128
954,1128
953,1128
952,1128
951,1127
950,1127
949,1126
948,1125
947,1124
947,1123
947,1122
947,1121
947,1120
948,1119
948,1118
948,1117
948,1116
948,1115
947,1114
947,1113
946,1112
946,1111
945,1110
944,1109
943,1108
942,1108
941,1107
940,1107
939,1106
938,1106
937,1106
936,1106
935,1106
934,1106
933,1105
932,1104
931,1103
930,1102
929,1102
929,1101
928,1100
928,1099
927,1098
927,1097
926,1096
925,1095
924,1094
924,1093
924,1092
924,1091
924,1090
924,1089
924,1088
923,1087
923,1086
922,1085
922,1084
921,1083
920,1082
919,1081
918,1080
917,1080
916,1079
915,1079
914,1078
913,1078
912,1078
911,1077
910,1076
909,1075
908,1074
907,1073
906,1073
905,1072
904,1072
903,1071
902,1071
901,1070
900,1069
899,1068
898,1068
897,1067
896,1067
895,1066
894,1066
893,1066
892,1065
891,1064
890,1064
889,1063
888,1063
887,1062
886,1062
885,1062
884,1062
883,1062
882,1061
881,1061
881,1060
880,1059
879,1058
878,1057
877,1057
876,1056
875,1055
875,1054
874,1053
874,1052
873,1051
872,1050
871,1049
870,1048
869,1048
868,1047
867,1047
866,1046
865,1046
864,1045
863,1045
862,1044
861,1044
860,1044
859,1044
858,1043
857,1042
856,1042
855,1041
854,1041
853,1040
852,1040
851,1040
850,1039
849,1039
848,1038
847,1038
846,1038
845,1038
844,1038
843,1039
842,1039
841,1039
840,1039
839,1039
838,1038
837,1038
836,1037
835,1037
834,1036
833,1036
832,1036
831,1036
830,1036
829,1036
828,1036
827,1036
826,1037
825,1037
824,1037
823,1037
822,1037
821,1036
820,1035
819,1034
818,1034
817,1033
816,1033
815,1032
814,1031
813,1031
812,1030
811,1029
810,1028
809,1027
808,1027
807,1026
806,1026
805,1025
804,1025
803,1025
802,1025
801,1025
800,1024
799,1024
799,1023
798,1022
798,1021
797,1020
797,1019
796,1018
795,1017
794,1016
793,1015
792,1014
791,1013
790,1013
789,1012
788,1012
787,1011
786,1011
785,1011
784,1011
783,1011
782,1011
781,1011
780,1011
779,1011
778,1012
777,1012
776,1013
775,1013
774,1013
773,1013
772,1013
771,1013
770,1012
769,1012
768,1012
767,1012
766,1012
765,1012
764,1012
763,1012
762,1011
761,1011
760,1010
759,1010
758,1009
757,1009
756,1009
755,1009
754,1009
753,1008
752,1008
751,1007
750,1007
749,1006
748,1006
747,1005
746,1005
745,1005
744,1005
743,1005
742,1005
741,1004
740,1004
739,1004
738,1004
737,1004
736,1004
735,1004
734,1004
733,1003
732,1002
731,1002
730,1001
729,1000
728,1000
727,999
726,998
725,997
724,996
723,995
722,994
721,994
720,993
719,993
718,992
717,992
716,991
715,991
714,991
713,991
712,990
711,990
710,990
709,989
708,989
707,988
706,988
705,987
704,987
703,987
702,986
701,986
700,985
699,985
698,984
697,984
696,983
695,983
694,983
693,982
692,982
691,982
690,981
689,981
688,981
687,981
686,981
685,980
684,979
683,978
682,977
681,976
680,975
679,974
678,973
677,973
676,972
675,972
674,971
673,971
672,970
671,970
671,969
670,968
670,967
669,966
668,965
667,964
666,964
665,963
664,962
663,962
663,961
662,960
661,959
660,958
659,957
658,956
657,956
657,955
656,954
656,953
655,952
654,951
653,950
652,949
651,948
650,948
649,947
648,946
647,946
646,945
645,945
644,944
643,944
642,944
641,944
640,943
639,942
639,941
639,940
638,939
638,938
638,937
637,936
637,935
636,934
636,933
635,932
634,931
633,930
632,929
631,929
630,928
629,927
628,927
627,926
626,926
625,925
624,925
623,925
622,925
621,925
620,926
619,926
618,926
617,926
616,926
615,926
614,926
613,926
612,925
611,925
610,925
609,925
608,925
607,925
606,925
605,925
604,926
603,926
602,927
601,927
600,928
599,929
598,930
597,931
597,932
596,933
596,934
595,935
595,936
595,937
595,938
594,939
593,940
592,940
591,940
590,940
589,940
588,940
587,940
586,941
585,941
584,941
583,941
582,941
581,942
580,942
579,942
578,941
577,940
576,939
575,938
574,938
573,937
572,937
571,936
570,936
569,936
568,935
567,934
566,933
565,933
564,932
563,932
562,931
561,931
560,931
559,931
558,931
557,932
556,932
555,932
554,932
553,932
552,933
551,933
550,932
549,932
548,931
547,931
546,931
545,931
544,931
543,932
542,932
541,932
540,932
539,932
538,932
537,932
536,932
535,932
534,932
533,932
532,933
531,933
530,934
529,934
528,935
527,935
526,936
525,937
524,938
523,939
523,940
522,941
522,942
521,943
521,944
520,945
520,946
520,947
520,948
520,949
520,950
521,951
521,952
522,953
522,954
522,955
522,956
522,957
522,958
523,959
523,960
524,961
524,962
525,963
526,964
527,965
528,966
529,967
530,967
530,968
531,969
531,970
531,971
532,972
532,973
533,974
533,975
534,976
535,977
536,978
537,979
538,980
539,981
540,982
539,983
539,984
538,985
538,986
537,987
537,988
537,989
537,990
537,991
537,992
537,993
538,994
538,995
539,996
539,997
539,998
539,999
539,1000
540,1001
540,1002
541,1003
541,1004
542,1005
543,1006
544,1007
545,1007
546,1008
547,1008
548,1009
549,1009
550,1010
551,1011
552,1012
552,1013
553,1014
553,1015
554,1016
555,1017
556,1018
557,1019
557,1020
557,1021
556,1022
556,1023
556,1024
556,1025
556,1026
556,1027
557,1028
557,1029
558,1030
558,1031
559,1032
560,1033
561,1034
562,1034
563,1035
564,1035
565,1036
566,1036
567,1036
568,1036
569,1036
570,1035
571,1035
572,1035
573,1035
574,1034
575,1035
576,1035
577,1036
578,1037
579,1037
580,1038
581,1038
582,1039
583,1039
584,1039
585,1039
586,1039
587,1040
588,1041
589,1041
590,1042
591,1042
592,1043
593,1043
594,1043
595,1044
596,1045
597,1046
597,1047
598,1048
599,1049
600,1050
601,1050
602,1051
603,1051
604,1052
605,1052
606,1052
607,1052
608,1053
609,1053
610,1054
611,1054
612,1055
613,1055
614,1055
615,1055
616,1056
617,1056
618,1056
619,1056
620,1056
621,1056
622,1056
623,1056
624,1056
625,1056
626,1057
627,1057
628,1058
629,1058
630,1058
631,1058
632,1058
633,1058
634,1058
635,1058
636,1058
637,1058
638,1057
639,1057
640,1058
641,1059
642,1060
643,1060
644,1061
645,1061
646,1062
647,1062
648,1062
649,1062
650,1062
651,1062
652,1062
653,1062
654,1063
655,1064
656,1065
657,1066
658,1067
659,1068
660,1068
661,1069
662,1069
663,1070
664,1070
665,1071
666,1071
667,1072
668,1072
669,1072
670,1072
671,1073
672,1073
673,1074
674,1074
675,1074
676,1075
677,1076
678,1077
678,1078
679,1079
679,1080
680,1081
680,1082
681,1083
682,1084
683,1085
684,1085
685,1086
686,1086
687,1087
688,1087
689,1088
690,1089
691,1090
692,1090
693,1091
694,1091
695,1092
696,1092
697,1092
698,1093
699,1094
700,1095
701,1096
702,1097
703,1097
704,1098
705,1098
706,1099
707,1100
708,1101
709,1102
709,1103
710,1104
711,1105
712,1106
713,1107
714,1108
715,1109
716,1110
717,1111
718,1112
719,1113
720,1114
720,1115
721,1116
722,1117
723,1118
724,1119
725,1120
726,1120
727,1121
728,1122
729,1123
730,1124
731,1125
731,1126
732,1127
733,1128
734,1129
735,1130
735,1131
736,1132
736,1133
737,1134
737,1135
738,1136
739,1137
740,1138
741,1139
742,1139
743,1140
744,1141
745,1142
746,1143
746,1144
746,1145
747,1146
747,1147
748,1148
748,1149
749,1150
749,1151
750,1152
751,1153
752,1154
753,1155
753,1156
754,1157
754,1158
755,1159
756,1160
757,1161
758,1161
759,1162
760,1162
761,1163
762,1164
763,1164
764,1165
765,1165
765,1166
766,1167
767,1168
768,1169
769,1169
770,1170
771,1171
771,1172
771,1173
771,1174
771,1175
771,1176
771,1177
772,1178
772,1179
773,1180
773,1181
773,1182
774,1183
774,1184
774,1185
774,1186
775,1187
775,1188
776,1189
776,1190
777,1191
777,1192
778,1193
778,1194
779,1195
779,1196
780,1197
781,1198
782,1199
783,1199
784,1200
785,1200
786,1201
787,1201
788,1202
789,1203
790,1204
791,1205
792,1205
793,1206
794,1206
795,1207
796,1207
797,1207
798,1207
798,1208
798,1209
798,1210
799,1211
799,1212
800,1213
800,1214
801,1215
801,1216
801,1217
802,1218
802,1219
803,1220
803,1221
804,1222
805,1223
806,1224
807,1225
808,1226
809,1227
809,1228
810,1229
811,1230
812,1231
813,1231
814,1232
815,1232
816,1233
817,1233
818,1233
819,1233
820,1233
821,1232
822,1232
823,1233
823,1234
823,1235
823,1236
824,1237
824,1238
825,1239
825,1240
826,1241
827,1242
827,1243
827,1244
826,1245
826,1246
825,1247
824,1248
823,1248
822,1248
821,1248
820,1248
819,1248
818,1248
817,1248
816,1248
815,1248
814,1248
813,1248
812,1248
811,1248
810,1248
809,1248
808,1248
807,1248
806,1248
805,1248
804,1248
803,1248
802,1248
801,1248
800,1248
799,1248
798,1248
797,1248
796,1248
795,1248
794,1248
793,1248
792,1248
791,1248
790,1248
789,1248
788,1248
787,1248
786,1248
785,1248
784,1248
783,1248
782,1248
781,1248
780,1248
779,1248
778,1248
777,1248
776,1248
775,1248
774,1248
773,1248
772,1248
771,1248
770,1248
769,1248
768,1248
767,1248
766,1248
765,1248
764,1248
763,1248
762,1248
761,1248
760,1248
759,1248
758,1248
757,1248
756,1248
755,1248
754,1248
753,1248
752,1248
751,1248
750,1248
749,1248
748,1248
747,1248
746,1248
745,1248
744,1248
743,1248
742,1248
741,1248
740,1248
739,1248
738,1248
737,1248
736,1248
735,1248
734,1248
733,1248
732,1248
731,1248
730,1248
729,1248
728,1248
727,1248
726,1248
725,1248
724,1248
723,1248
722,1248
721,1248
720,1248
719,1248
718,1248
717,1248
716,1248
715,1248
714,1248
713,1248
712,1248
711,1248
710,1248
709,1248
708,1248
707,1248
706,1248
705,1248
704,1248
703,1248
702,1248
701,1248
700,1248
699,1248
698,1248
697,1248
696,1248
695,1248
694,1248
693,1248
692,1248
691,1248
690,1248
689,1248
688,1248
687,1248
686,1248
685,1248
684,1248
683,1248
682,1248
681,1248
680,1248
679,1248
678,1248
677,1248
676,1248
675,1248
674,1248
673,1248
672,1248
671,1248
670,1248
669,1248
668,1248
667,1248
666,1248
665,1248
664,1248
663,1248
662,1248
661,1248
660,1248
659,1248
658,1248
657,1248
656,1248
655,1248
654,1248
653,1248
652,1248
651,1248
650,1248
649,1248
648,1248
647,1248
646,1248
645,1248
644,1248
643,1248
642,1248
641,1248
640,1248
639,1248
638,1248
637,1248
636,1248
635,1248
634,1248
633,1248
632,1248
631,1248
630,1248
629,1248
628,1248
627,1248
626,1248
625,1248
624,1248
623,1248
622,1248
621,1248
620,1248
619,1248
618,1248
617,1248
616,1248
615,1248
614,1248
613,1248
612,1248
611,1248
610,1248
609,1248
608,1248
607,1248
606,1248
605,1248
604,1248
603,1248
602,1248
601,1248
600,1248
599,1248
598,1248
597,1248
596,1248
595,1248
594,1248
593,1248
592,1248
591,1248
590,1248
589,1248
588,1248
587,1248
586,1248
585,1248
584,1248
583,1248
582,1248
581,1248
580,1248
579,1248
578,1248
577,1248
576,1248
575,1248
574,1248
573,1248
572,1248
571,1248
570,1248
569,1248
568,1248
567,1248
566,1248
565,1248
564,1248
563,1248
562,1248
561,1248
560,1248
559,1248
558,1248
557,1248
556,1248
555,1248
554,1248
553,1248
552,1248
551,1248
550,1248
549,1248
548,1248
547,1248
546,1248
545,1248
544,1248
543,1248
542,1248
541,1248
540,1248
539,1248
538,1248
537,1248
536,1248
535,1248
534,1248
533,1248
532,1248
531,1248
530,1248
529,1248
528,1248
527,1248
526,1248
525,1248
524,1248
523,1248
522,1248
521,1248
520,1248
519,1248
518,1248
517,1248
516,1248
515,1248
514,1248
513,1248
512,1248
511,1248
510,1248
509,1248
508,1248
507,1248
506,1248
505,1248
504,1248
503,1248
502,1248
501,1248
500,1248
499,1248
498,1248
497,1248
496,1248
495,1248
494,1248
493,1248
492,1248
491,1248
490,1248
489,1248
488,1248
487,1248
486,1248
485,1248
484,1248
483,1248
482,1248
481,1248
480,1248
479,1248
478,1248
477,1248
476,1248
475,1248
474,1248
473,1248
472,1248
471,1248
470,1248
469,1248
468,1248
467,1248
466,1248
465,1248
464,1248
463,1248
462,1248
461,1248
460,1248
459,1248
458,1248
457,1248
456,1248
455,1248
454,1248
453,1248
452,1248
451,1248
450,1248
449,1248
448,1248
447,1248
446,1248
445,1248
444,1248
443,1248
442,1248
441,1248
440,1248
439,1248
438,1248
437,1248
436,1248
435,1248
434,1248
433,1248
432,1248
431,1248
430,1248
429,1248
428,1248
427,1248
426,1248
425,1248
424,1248
423,1248
422,1248
421,1248
420,1248
419,1248
418,1248
417,1248
416,1248
415,1248
414,1248
413,1248
412,1248
411,1248
410,1248
409,1248
408,1248
407,1248
406,1248
405,1248
404,1248
403,1248
402,1248
401,1248
400,1248
399,1248
398,1248
397,1248
396,1248
395,1248
394,1248
393,1248
392,1248
391,1248
390,1248
389,1248
388,1248
387,1248
386,1248
385,1248
384,1248
383,1248
382,1248
381,1248
380,1248
379,1248
378,1248
377,1248
376,1248
375,1248
374,1248
373,1248
372,1248
371,1248
370,1248
369,1248
368,1248
367,1248
366,1248
365,1248
364,1248
363,1248
362,1248
361,1248
360,1248
359,1248
358,1248
357,1248
356,1248
355,1248
354,1248
353,1248
352,1248
351,1248
350,1248
349,1248
348,1248
347,1248
346,1248
345,1248
344,1248
343,1248
342,1248
341,1248
340,1248
339,1248
338,1248
337,1248
336,1248
335,1248
334,1248
333,1248
332,1248
331,1248
330,1248
329,1248
328,1248
327,1248
326,1248
325,1248
324,1248
323,1248
322,1248
321,1248
320,1248
319,1248
318,1248
317,1248
316,1248
315,1248
314,1248
313,1248
312,1248
311,1248
310,1248
309,1248
308,1248
307,1248
306,1248
305,1248
304,1248
303,1248
302,1248
301,1248
300,1248
299,1248
298,1248
297,1248
296,1248
295,1248
294,1248
293,1248
292,1248
291,1248
290,1248
289,1248
288,1248
287,1248
286,1248
285,1248
284,1248
283,1248
282,1248
281,1248
280,1248
279,1248
278,1248
277,1248
276,1248
275,1248
274,1248
273,1248
272,1248
271,1248
270,1248
269,1248
268,1248
267,1248
266,1248
265,1248
264,1248
263,1248
262,1248
261,1248
260,1248
259,1248
258,1248
257,1248
256,1248
255,1248
254,1248
253,1248
252,1248
251,1248
250,1248
249,1248
248,1248
247,1248
246,1248
246,1247
246,1246
246,1245
246,1244
246,1243
246,1242
246,1241
246,1240
246,1239
246,1238
246,1237
246,1236
246,1235
246,1234
246,1233
246,1232
246,1231
246,1230
246,1229
246,1228
246,1227
246,1226
246,1225
246,1224
246,1223
246,1222
246,1221
246,1220
246,1219
246,1218
246,1217
246,1216
246,1215
246,1214
246,1213
246,1212
246,1211
246,1210
246,1209
246,1208
246,1207
246,1206
246,1205
246,1204
246,1203
246,1202
246,1201
246,1200
246,1199
246,1198
246,1197
246,1196
246,1195
246,1194
246,1193
246,1192
246,1191
246,1190
246,1189
246,1188
246,1187
246,1186
246,1185
246,1184
246,1183
246,1182
246,1181
246,1180
246,1179
246,1178
246,1177
246,1176
246,1175
246,1174
246,1173
246,1172
246,1171
246,1170
246,1169
246,1168
246,1167
246,1166
246,1165
246,1164
246,1163
246,1162
246,1161
246,1160
246,1159
246,1158
246,1157
246,1156
246,1155
246,1154
246,1153
246,1152
246,1151
246,1150
246,1149
246,1148
246,1147
246,1146
246,1145
246,1144
246,1143
246,1142
246,1141
246,1140
246,1139
246,1138
246,1137
246,1136
246,1135
246,1134
246,1133
246,1132
246,1131
246,1130
246,1129
246,1128
246,1127
246,1126
246,1125
246,1124
246,1123
246,1122
246,1121
246,1120
246,1119
246,1118
246,1117
246,1116
246,1115
246,1114
246,1113
246,1112
246,1111
246,1110
246,1109
246,1108
246,1107
246,1106
246,1105
246,1104
246,1103
246,1102
246,1101
246,1100
246,1099
246,1098
246,1097
246,1096
246,1095
246,1094
246,1093
246,1092
246,1091
246,1090
246,1089
246,1088
246,1087
246,1086
246,1085
246,1084
246,1083
246,1082
246,1081
246,1080
246,1079
246,1078
246,1077
246,1076
246,1075
246,1074
246,1073
246,1072
246,1071
246,1070
246,1069
246,1068
246,1067
246,1066
246,1065
246,1064
246,1063
246,1062
246,1061
246,1060
246,1059
246,1058
246,1057
246,1056
246,1055
246,1054
246,1053
246,1052
246,1051
246,1050
246,1049
246,1048
246,1047
246,1046
246,1045
246,1044
246,1043
246,1042
246,1041
246,1040
246,1039
246,1038
246,1037
246,1036
246,1035
246,1034
246,1033
246,1032
246,1031
246,1030
246,1029
246,1028
246,1027
246,1026
246,1025
246,1024
246,1023
246,1022
246,1021
246,1020
246,1019
246,1018
246,1017
246,1016
246,1015
246,1014
246,1013
246,1012
246,1011
246,1010
246,1009
246,1008
246,1007
246,1006
246,1005
246,1004
246,1003
246,1002
246,1001
246,1000
246,999
246,998
246,997
246,996
246,995
246,994
246,993
246,992
246,991
246,990
246,989
246,988
246,987
246,986
246,985
246,984
246,983
246,982
246,981
246,980
246,979
246,978
246,977
246,976
246,975
246,974
246,973
246,972
246,971
246,970
246,969
246,968
246,967
246,966
246,965
246,964
246,963
246,962
246,961
246,960
246,959
246,958
246,957
246,956
246,955
246,954
246,953
246,952
246,951
246,950
246,949
246,948
246,947
246,946
246,945
246,944
246,943
246,942
246,941
246,940
246,939
246,938
246,937
246,936
246,935
246,934
246,933
246,932
246,931
246,930
246,929
246,928
246,927
246,926
246,925
246,924
246,923
246,922
246,921
246,920
246,919
246,918
246,917
246,916
246,915
246,914
246,913
246,912
246,911
246,910
246,909
246,908
246,907
246,906
246,905
246,904
246,903
246,902
246,901
246,900
246,899
246,898
246,897
246,896
246,895
246,894
246,893
246,892
246,891
246,890
246,889
246,888
246,887
246,886
246,885
246,884
246,883
246,882
246,881
246,880
246,879
246,878
246,877
246,876
246,875
246,874
246,873
246,872
246,871
246,870
246,869
246,868
246,867
246,866
246,865
246,864
246,863
246,862
246,861
246,860
246,859
246,858
246,857
246,856
246,855
246,854
246,853
246,852
246,851
246,850
246,849
246,848
246,847
246,846
246,845
246,844
246,843
246,842
246,841
246,840
246,839
246,838
246,837
246,836
246,835
246,834
246,833
246,832
246,831
246,830
246,829
246,828
246,827
246,826
246,825
246,824
246,823
246,822
246,821
246,820
246,819
246,818
246,817
246,816
246,815
246,814
246,813
246,812
246,811
246,810
246,809
246,808
246,807
246,806
246,805
246,804
246,803
246,802
246,801
246,800
246,799
246,798
246,797
246,796
246,795
246,794
246,793
246,792
246,791
246,790
246,789
246,788
246,787
246,786
246,785
246,784
246,783
246,782
246,781
246,780
246,779
246,778
246,777
246,776
246,775
246,774
246,773
246,772
246,771
246,770
246,769
246,768
246,767
246,766
246,765
246,764
246,763
246,762
246,761
246,760
246,759
246,758
246,757
246,756
246,755
246,754
246,753
246,752
246,751
246,750
246,749
246,748
246,747
246,746
246,745
246,744
246,743
246,742
246,741
246,740
246,739
246,738
246,737
246,736
246,735
246,734
246,733
246,732
246,731
246,730
246,729
246,728
246,727
246,726
246,725
246,724
246,723
246,722
246,721
246,720
246,719
246,718
246,717
246,716
246,715
246,714
246,713
246,712
246,711
246,710
246,709
246,708
246,707
246,706
246,705
246,704
246,703
246,702
246,701
246,700
246,699
246,698
246,697
246,696
246,695
246,694
246,693
246,692
246,691
246,690
246,689
246,688
246,687
246,686
246,685
246,684
246,683
246,682
246,681
246,680
246,679
246,678
246,677
246,676
246,675
246,674
246,673
246,672
246,671
246,670
246,669
246,668
246,667
246,666
246,665
246,664
246,663
246,662
246,661
246,660
246,659
246,658
246,657
246,656
246,655
246,654
246,653
246,652
246,651
246,650
246,649
246,648
246,647
246,646
246,645
246,644
246,643
246,642
246,641
246,640
246,639
246,638
246,637
246,636
246,635
246,634
246,633
246,632
246,631
246,630
246,629
246,628
246,627
246,626
246,625
246,624
246,623
246,622
246,621
246,620
246,619
246,618
246,617
246,616
246,615
246,614
246,613
246,612
246,611
246,610
246,609
246,608
246,607
246,606
246,605
246,604
246,603
246,602
246,601
246,600
246,599
246,598
246,597
246,596
246,595
246,594
246,593
246,592
246,591
246,590
246,589
246,588
246,587
246,586
246,585
246,584
246,583
246,582
246,581
246,580
246,579
246,578
246,577
246,576
246,575
246,574
246,573
246,572
246,571
246,570
246,569
246,568
246,567
246,566
246,565
246,564
246,563
246,562
246,561
246,560
246,559
246,558
246,557
246,556
246,555
246,554
246,553
246,552
246,551
246,550
246,549
246,548
246,547
246,546
246,545
246,544
246,543
246,542
246,541
246,540
246,539
246,538
246,537
246,536
246,535
246,534
246,533
246,532
246,531
246,530
246,529
246,528
246,527
246,526
246,525
246,524
246,523
246,522
246,521
246,520
246,519
246,518
246,517
246,516
246,515
246,514
246,513
246,512
246,511
246,510
246,509
246,508
246,507
246,506
246,505
246,504
246,503
246,502
246,501
246,500
246,499
246,498
246,497
246,496
246,495
246,494
246,493
246,492
246,491
246,490
246,489
246,488
246,487
246,486
246,485
246,484
246,483
246,482
246,481
246,480
246,479
246,478
246,477
246,476
246,475
246,474
246,473
246,472
246,471
246,470
246,469
246,468
246,467
246,466
246,465
246,464
246,463
246,462
246,461
246,460
246,459
246,458
246,457
246,456
246,455
246,454
246,453
246,452
246,451
246,450
246,449
246,448
246,447
246,446
246,445
246,444
246,443
246,442
247,442
248,442
249,442
250,442
251,442
252,442
253,442
254,442
255,442
256,442
257,442
258,442
259,442
260,442
261,442
262,442
263,442
264,442
265,442
266,442
267,442
268,442
269,442
270,442
271,442
272,442
273,442
274,442
275,442
276,442
277,442
278,442
279,442
280,442
281,442
282,442
283,442
284,442
285,442
286,442
287,442
288,442
289,442
290,442
291,442
292,442
293,442
294,442
295,442
296,442
297,442
298,442
299,442
300,442
301,442
302,442
303,442
304,442
305,442
306,442
307,442
308,442
309,442
310,442
311,442
312,442
313,442
314,442
315,442
316,442
317,442
318,442
319,442
320,442
321,442
322,442
323,442
324,442
325,442
326,442
327,442
328,442
329,442
330,442
331,442
332,442
333,442
334,442
335,442
336,442
337,442
338,442
339,442
340,442
341,442
342,442
343,442
344,442
345,442
346,442
347,442
348,442
349,442
350,442
351,442
352,442
353,442
354,442
355,442
356,442
357,442
358,442
359,442
360,442
361,442
362,442
363,442
364,442
365,442
366,442
367,442
368,442
369,442
370,442
371,442
372,442
373,442
374,442
375,442
376,442
377,442
378,442
379,442
380,442
381,442
382,442
383,442
384,442
385,442
386,442
387,442
388,442
389,442
390,442
391,442
392,442
393,442
394,442
395,442
396,442
397,442
398,442
399,442
400,442
401,442
402,442
403,442
404,442
405,442
406,442
407,442
408,442
409,442
410,442
411,442
412,442
413,442
414,442
415,442
416,442
417,442
418,442
419,442
420,442
421,442
422,442
423,442
424,442
425,442
426,442
427,442
428,442
429,442
430,442
431,442
432,442
433,442
434,442
435,442
436,442
437,442
438,442
439,442
440,442
441,442
442,442
443,442
444,442
445,442
446,442
447,442
448,442
449,442
450,442
451,442
452,442
453,442
454,442
455,442
456,442
457,442
458,442
459,442
460,442
461,442
462,442
463,442
464,442
465,442
466,442
467,442
468,442
469,442
470,442
471,442
472,442
473,442
474,442
475,442
476,442
477,442
478,442
479,442
480,442
481,442
482,442
483,442
484,442
485,442
486,442
487,442
488,442
489,442
490,442
491,442
492,442
493,442
494,442
495,442
496,442
497,442
498,442
499,442
500,442
501,442
502,442
503,442
504,442
505,442
506,442
507,442
508,442
509,442
510,442
511,442
512,442
513,442
514,442
515,442
516,442
517,442
518,442
519,442
520,442
521,442
522,442
523,442
524,442
525,442
526,442
527,442
528,442
529,442
530,442
531,442
532,442
533,442
534,442
535,442
536,442
537,442
538,442
539,442
540,442
541,442
542,442
543,442
544,442
545,442
546,442
547,442
548,442
549,442
550,442
551,442
552,442
553,442
554,442
555,442
556,442
557,442
558,442
559,442
560,442
561,442
562,442
563,442
564,442
565,442
566,442
567,442
568,442
569,442
570,442
571,442
572,442
573,442
574,442
575,442
576,442
577,442
578,442
579,442
580,442
581,442
582,442
583,442
584,442
585,442
586,442
587,442
588,442
589,442
590,442
591,442
592,442
593,442
594,442
595,442
596,442
597,442
598,442
599,442
600,442
601,442
602,442
603,442
604,442
605,442
606,442
607,442
608,442
609,442
610,442
611,442
612,442
613,442
614,442
615,442
616,442
617,442
618,442
619,442
620,442
621,442
622,442
623,442
624,442
625,442
626,442
627,442
628,442
629,442
630,442
631,442
632,442
633,442
634,442
635,442
636,442
637,442
638,442
639,442
640,442
641,442
642,442
643,442
644,442
645,442
646,442
647,442
648,442
649,442
650,442
651,442
652,442
653,442
654,442
655,442
656,442
657,442
658,442
659,442
660,442
661,442
662,442
663,442
664,442
665,442
666,442
667,442
668,442
669,442
670,442
671,442
672,442
673,442
674,442
675,442
676,442
677,442
678,442
679,442
680,442
681,442
682,442
683,442
684,442
685,442
686,442
687,442
688,442
689,442
690,442
691,442
692,442
693,442
694,442
695,442
696,442
697,442
698,442
699,442
700,442
701,442
702,442
703,442
704,442
705,442
706,442
707,442
708,442
709,442
710,442
711,442
712,442
713,442
714,442
715,442
716,442
717,442
718,442
719,442
720,442
721,442
722,442
723,442
724,442
725,442
726,442
727,442
728,442
729,442
730,442
731,442
732,442
733,442
734,442
735,442
736,442
737,442
738,442
739,442
740,442
741,442
742,442
743,442
744,442
745,442
746,442
747,442
748,442
749,442
750,442
751,442
752,442
753,442
754,442
755,442
756,442
757,442
758,442
759,442
760,442
761,442
762,442
763,442
764,442
765,442
766,442
767,442
768,442
769,442
770,442
771,442
772,442
773,442
774,442
775,442
776,442
777,442
778,442
779,442
780,442
781,442
782,442
783,442
784,442
785,442
786,442
787,442
788,442
789,442
790,442
791,442
792,442
793,442
794,442
795,442
796,442
797,442
798,442
799,442
800,442
801,442
802,442
803,442
804,442
805,442
806,442
807,442
808,442
809,442
810,442
811,442
812,442
813,442
814,442
815,442
816,442
817,442
818,442
819,442
820,442
821,442
822,442
823,442
824,442
825,442
826,442
827,442
828,442
829,442
830,442
831,442
832,442
833,442
834,442
835,442
836,442
837,442
838,442
839,442
840,442
841,442
842,442
843,442
844,442
845,442
846,442
847,442
848,442
849,442
850,442
851,442
852,442
853,442
854,442
855,442
856,442
857,442
858,442
859,442
860,442
861,442
862,442
863,442
864,442
865,442
866,442
867,442
868,442
869,442
870,442
871,442
872,442
873,442
874,442
875,442
876,442
877,442
878,442
879,442
880,442
881,442
882,442
883,442
884,442
885,442
886,442
887,442
888,442
889,442
890,442
891,442
892,442
893,442
894,442
895,442
896,442
897,442
898,442
899,442
900,442
901,442
902,442
903,442
904,442
905,442
906,442
907,442
908,442
909,442
910,442
911,442
912,442
913,442
914,442
915,442
916,442
917,442
918,442
919,442
920,442
921,442
922,442
923,442
924,442
925,442
926,442
927,442
928,442
929,442
930,442
931,442
932,442
933,442
934,442
935,442
936,442
937,442
938,442
939,442
940,442
941,442
942,442
943,442
944,442
945,442
946,442
947,442
948,442
949,442
950,442
951,442
952,442
953,442
954,442
955,442
956,442
957,442
958,442
959,442
960,442
961,442
962,442
963,442
964,442
965,442
966,442
967,442
968,442
969,442
970,442
971,442
972,442
973,442
974,442
975,442
976,442
977,442
978,442
979,442
980,442
981,442
982,442
983,442
984,442
985,442
986,442
987,442
988,442
989,442
990,442
991,442
992,442
993,442
994,442
995,442
996,442
997,442
998,442
999,442
1000,442
1001,442
1002,442
1003,442
1004,442
1005,442
1006,442
1007,442
1008,442
1009,442
1010,442
1011,442
1012,442
1013,442
1014,442
1015,442
1016,442
1017,442
1018,442
1019,442
1020,442
1021,442
1022,442
1023,442
1024,442
1025,442
1026,442
1027,442
1028,442
1029,442
1030,442
1031,442
1032,442
1033,442
1034,442
1035,442
1036,442
1037,442
1038,442
1039,442
1040,442
1041,442
1042,442
1043,442
1044,442
1045,442
1046,442
1047,442
1048,442
1049,442
1050,442
1051,442
1052,442
1053,442
1054,442
1055,442
1056,442
1057,442
1058,442
1059,442
1060,442
1061,442
1062,442
1063,442
1064,442
1065,442
1066,442
1067,442
1068,442
1069,442
1070,442
1071,442
1072,442
1073,442
1074,442
1075,442
1076,442
1077,442
1078,442
1079,442
1080,442
1081,442
1082,442
1083,442
1084,442
1085,442
1086,442
1087,442
1088,442
1089,442
1090,442
1091,442
1092,442
1093,442
1094,442
1095,442
1096,442
1097,442
1098,442
1099,442
1100,442
1101,442
1102,442
1103,442
1104,442
1105,442
1106,442
1107,442
1108,442
1109,442
1110,442
1111,442
1112,442
1113,442
1114,442
1115,442
1116,442
1117,442
1118,442
1119,442
1120,442
1121,442
1122,442
1123,442
1124,442
1125,442
1126,442
1127,442
1128,442
1129,442
1130,442
1131,442
1132,442
1133,442
1134,442
1135,442
1136,442
1137,442
1138,442
1139,442
1140,442
1141,442
1142,442
1143,442
1144,442
1145,442
1146,442
1147,442
1148,442
1149,442
1150,442
1151,442
1152,442
1153,442
1154,442
1155,442
1156,442
1157,442
1158,442
1159,442
1160,442
1161,442
1162,442
1163,442
1164,442
1165,442
1166,442
1167,442
1168,442
1169,442
1170,442
1171,442
1172,442
1173,442
1174,442
1175,442
1176,442
1177,442
1178,442
1179,442
1180,442
1181,442
1182,442
1183,442
1184,442
1185,442
1186,442
1187,442
1188,442
1189,442
1190,442
1191,442
1192,442
1193,442
1194,442
1195,442
1196,442
1197,442
1198,442
1199,442
1200,442
1201,442
1202,442
1203,442
1204,442
1205,442
1206,442
1207,442
1208,442
1209,442
1210,442
1211,442
1212,442
1213,442
1214,442
1215,442
1216,442
1217,442
1218,442
1219,442
1220,442
1221,442
1222,442
1223,442
1224,442
1225,442
1226,442
1227,442
1228,442
1229,442
1230,442
1231,442
1232,442
1233,442
1234,442
1235,442
1236,442
1237,442
1238,442
1239,442
1240,442
1241,442
1242,442
1243,442
1244,442
1245,442
1246,442
1247,442
1248,442
1249,442
1250,442
1251,442
1252,442